17
74
84
75
31
21
10
91
62
66
51
2
80
5
59
58
91
46
45
8
39
44
100
46
78
67
91
39
74
29
97
7
63
51
79
70
45
70
100
33
75
88
70
29
38
58
98
83
80
42
78
81
44
6
65
38
86
25
72
75
13
44
100
22
95
35
77
4
12
16
35
42
18
27
91
78
5
67
70
85
50
76
64
97
20
98
94
10
73
60
66
23
67
59
75
75
1
38
9
29
24
11
60
22
99
90
17
24
100
79
13
27
37
44
95
93
53
85
86
32
74
74
61
80
22
47
21
11
84
30
72
59
48
19
51
77
86
64
36
85
86
40
46
70
75
1
31
70
78
97
79
12
43
80
49
45
46
24
63
68
67
18
28
3
15
15
44
43
71
21
100
1
26
15
69
82
56
19
97
95
22
8
71
46
58
26
85
17
35
82
20
49
46
43
22
88
98
71
54
18
5
64
32
47
85
13
26
11
9
44
31
51
29
76
88
14
50
96
88
42
48
69
44
78
17
73
10
57
55
48
100
85
46
84
87
79
26
32
18
100
67
79
44
7
64
75
14
60
33
11
80
3
40
83
46
94
75
38
44
53
27
95
24
60
13
90
51
48
70
13
1
51
72
30
39
7
91
29
85
56
96
5
69
28
81
46
91
65
19
54
92
15
18
99
63
84
92
16
47
55
57
24
44
38
74
91
53
7
91
97
82
83
31
34
100
54
31
23
32
15
71
15
8
91
1
96
79
33
45
80
31
7
97
67
32
72
39
73
77
94
15
56
90
28
24
37
86
73
59
36
5
32
78
11
82
58
3
24
68
89
81
4
13
94
47
59
14
16
66
99
21
70
32
47
49
23
56
28
29
4
62
82
94
67
38
23
10
13
72
11
77
24
72
95
20
1
45
17
35
12
30
43
94
32
59
64
80
56
7
88
95
10
82
21
62
54
67
74
74
100
50
59
100
18
93
13
57
3
17
15
56
21
81
91
46
16
93
4
76
98
57
4
38
27
40
40
85
97
14
1
95
58
62
91
65
20
66
27
99
6
62
88
28
60
17
41
29
92
65
83
48
16
98
8
66
70
53
85
88
49
4
35
20
33
77
83
19
4
75
71
100
3
20
35
28
95
78
1
17
22
